# Tensor shape: torch.Size([4, 8, 8])
# z_size: 4, y_size: 8, x_size: 8

# Channel 1 (z=0)
  28.0    0.0   28.0    0.0   28.0    0.0   78.0    0.0
   0.0    0.0    0.0    0.0    0.0    0.0    0.0    0.0
  78.0    0.0   28.0    0.0   28.0    0.0   78.0    0.0
   0.0    0.0    0.0    0.0    0.0    0.0    0.0    0.0
  28.0    0.0   78.0    0.0   28.0    0.0   78.0    0.0
   0.0    0.0    0.0    0.0    0.0    0.0    0.0    0.0
  28.0    0.0   28.0    0.0   28.0    0.0   28.0    0.0
   0.0    0.0    0.0    0.0    0.0    0.0    0.0    0.0

# Channel 2 (z=1)
   0.0    0.0    0.0    0.0    0.0    0.0    0.0    0.0
   0.0   78.0    0.0   28.0    0.0   78.0    0.0   78.0
   0.0    0.0    0.0    0.0    0.0    0.0    0.0    0.0
   0.0   78.0    0.0   78.0    0.0   78.0    0.0   78.0
   0.0    0.0    0.0    0.0    0.0    0.0    0.0    0.0
   0.0   78.0    0.0   78.0    0.0   28.0    0.0   28.0
   0.0    0.0    0.0    0.0    0.0    0.0    0.0    0.0
   0.0   28.0    0.0   78.0    0.0   78.0    0.0   78.0

# Channel 3 (z=2)
   0.0   28.0    0.0   78.0    0.0   28.0    0.0   28.0
   0.0    0.0    0.0    0.0    0.0    0.0    0.0    0.0
   0.0   78.0    0.0   28.0    0.0   28.0    0.0   78.0
   0.0    0.0    0.0    0.0    0.0    0.0    0.0    0.0
   0.0   78.0    0.0   78.0    0.0   78.0    0.0   28.0
   0.0    0.0    0.0    0.0    0.0    0.0    0.0    0.0
   0.0   28.0    0.0   78.0    0.0   78.0    0.0   28.0
   0.0    0.0    0.0    0.0    0.0    0.0    0.0    0.0

# Channel 4 (z=3)
  78.0    0.0   78.0    0.0   78.0    0.0   28.0    0.0
   0.0    0.0    0.0    0.0    0.0    0.0    0.0    0.0
  28.0    0.0   28.0    0.0   78.0    0.0   78.0    0.0
   0.0    0.0    0.0    0.0    0.0    0.0    0.0    0.0
  28.0    0.0   78.0    0.0   28.0    0.0   78.0    0.0
   0.0    0.0    0.0    0.0    0.0    0.0    0.0    0.0
  28.0    0.0   28.0    0.0   28.0    0.0   28.0    0.0
   0.0    0.0    0.0    0.0    0.0    0.0    0.0    0.0

